A = [1 2 3 4; -5 3 2 7]; b = [1 2]'; x = A\b
