% eqflashdr.m
A = [6.99891 7.00908 6.99052]; B = [1474.679 1462.266 1453.430];
C = [213.69 215.11 215.31];
T = 141; P = 760; F = 1; L = 0.6; z1 = 0.4; % 운전조건
Pv = 10.^(A - B./(T + C)); % Antoine 식에 의한 증기압 계산
V = F - L; % 기상 유량
Am = [Pv(1) 0 0 -P 0 0; 0 Pv(2) 0 0 -P 0; 0 0 Pv(3) 0 0 -P; L 0 0 V 0 0;...
      1 1 1 0 0 0; 0 0 0 1 1 1]; % 선형 시스템의 계수행렬
b = [0 0 0 z1*F 1 1]'; % 선형 시스템의 우변벡터
s = Am\b; x = s(1:3), y = s(4:6)
